parameter_a =-1.523140203
parameter_b =0.678465285
parameter_c =1.392722223
parameter_d =-1.11997165
parameter_g =7.505679
parameter_f =1.1461234
parameter_com =-1.5
parameter_coeff =1
average_lambda=-0.001676
samplingRate=0.9
parameter_e=2.7
parameter_k=0.015
parameter_va=0.069
parameter_std=0.5